  0.00000E+00   0.00000E+00   0.11589E-309   0.10123E-319   0.11589E-309
  0.50125E-04   0.00000E+00   0.11589E-309   0.10123E-319   0.11589E-309
  0.10025E-03   0.00000E+00   0.11589E-309   0.10123E-319   0.11589E-309
  0.15038E-03   0.00000E+00   0.11589E-309   0.10123E-319   0.11589E-309
  0.20050E-03   0.00000E+00   0.11589E-309   0.10123E-319   0.11589E-309
  0.25063E-03   0.00000E+00   0.11589E-309   0.10123E-319   0.11589E-309
  0.30075E-03   0.00000E+00   0.11589E-309   0.10123E-319   0.11589E-309
  0.35088E-03   0.00000E+00   0.11589E-309   0.10123E-319   0.11589E-309
  0.40100E-03   0.00000E+00   0.11589E-309   0.10123E-319   0.11589E-309
  0.45113E-03   0.00000E+00   0.11589E-309   0.10123E-319   0.11589E-309
  0.50125E-03   0.00000E+00   0.11589E-309   0.10123E-319   0.11589E-309
  0.55138E-03   0.00000E+00   0.97292E+00   0.97292E+00   0.11589E-309
  0.60150E-03   0.00000E+00   0.98767E+00   0.98767E+00   0.11589E-309
  0.65163E-03   0.00000E+00   0.99202E+00   0.99202E+00   0.11589E-309
  0.70175E-03   0.00000E+00   0.99411E+00   0.99411E+00   0.11589E-309
  0.75188E-03   0.00000E+00   0.99533E+00   0.99533E+00   0.11589E-309
  0.80201E-03   0.00000E+00   0.99613E+00   0.99613E+00   0.11589E-309
  0.85213E-03   0.00000E+00   0.99669E+00   0.99669E+00   0.11589E-309
  0.90226E-03   0.00000E+00   0.99712E+00   0.99712E+00   0.11589E-309
  0.95238E-03   0.00000E+00   0.99744E+00   0.99744E+00   0.11589E-309
  0.10025E-02   0.00000E+00   0.99770E+00   0.99770E+00   0.11589E-309
  0.10526E-02   0.00000E+00   0.99791E+00   0.99791E+00   0.11589E-309
  0.11028E-02   0.00000E+00   0.99809E+00   0.99809E+00   0.11589E-309
  0.11529E-02   0.00000E+00   0.99824E+00   0.99824E+00   0.11589E-309
  0.12030E-02   0.00000E+00   0.99836E+00   0.99836E+00   0.11589E-309
  0.12531E-02   0.00000E+00   0.99847E+00   0.99847E+00   0.11589E-309
  0.13033E-02   0.00000E+00   0.99857E+00   0.99857E+00   0.11589E-309
  0.13534E-02   0.00000E+00   0.99865E+00   0.99865E+00   0.11589E-309
  0.14035E-02   0.00000E+00   0.99873E+00   0.99873E+00   0.11589E-309
  0.14536E-02   0.00000E+00   0.99879E+00   0.99879E+00   0.11589E-309
  0.15038E-02   0.00000E+00   0.99885E+00   0.99885E+00   0.11589E-309
  0.15539E-02   0.00000E+00   0.99890E+00   0.99890E+00   0.11589E-309
  0.16040E-02   0.00000E+00   0.99895E+00   0.99895E+00   0.11589E-309
  0.16541E-02   0.00000E+00   0.99900E+00   0.99900E+00   0.11589E-309
  0.17043E-02   0.00000E+00   0.99904E+00   0.99904E+00   0.11589E-309
  0.17544E-02   0.00000E+00   0.99907E+00   0.99907E+00   0.11589E-309
  0.18045E-02   0.00000E+00   0.99911E+00   0.99911E+00   0.11589E-309
  0.18546E-02   0.00000E+00   0.99914E+00   0.99914E+00   0.11589E-309
  0.19048E-02   0.00000E+00   0.99917E+00   0.99917E+00   0.11589E-309
  0.19549E-02   0.00000E+00   0.99919E+00   0.99919E+00   0.11589E-309
  0.20050E-02   0.00000E+00   0.99922E+00   0.99922E+00   0.11589E-309
  0.20551E-02   0.00000E+00   0.14332E+01   0.14332E+01   0.11589E-309
  0.21053E-02   0.00000E+00   0.17702E+01   0.17702E+01   0.11589E-309
  0.21554E-02   0.00000E+00   0.18557E+01   0.18557E+01   0.11589E-309
  0.22055E-02   0.00000E+00   0.18948E+01   0.18948E+01   0.11589E-309
  0.22556E-02   0.00000E+00   0.19171E+01   0.19171E+01   0.11589E-309
  0.23058E-02   0.00000E+00   0.19316E+01   0.19316E+01   0.11589E-309
  0.23559E-02   0.00000E+00   0.19418E+01   0.19418E+01   0.11589E-309
  0.24060E-02   0.00000E+00   0.19493E+01   0.19493E+01   0.11589E-309
  0.24561E-02   0.00000E+00   0.19550E+01   0.19550E+01   0.11589E-309
  0.25063E-02   0.00000E+00   0.19596E+01   0.19596E+01   0.11589E-309
  0.25564E-02   0.00000E+00   0.19633E+01   0.19633E+01   0.11589E-309
  0.26065E-02   0.00000E+00   0.19664E+01   0.19664E+01   0.11589E-309
  0.26566E-02   0.00000E+00   0.19690E+01   0.19690E+01   0.11589E-309
  0.27068E-02   0.00000E+00   0.19712E+01   0.19712E+01   0.11589E-309
  0.27569E-02   0.00000E+00   0.19731E+01   0.19731E+01   0.11589E-309
  0.28070E-02   0.00000E+00   0.19748E+01   0.19748E+01   0.11589E-309
  0.28571E-02   0.00000E+00   0.19763E+01   0.19763E+01   0.11589E-309
  0.29073E-02   0.00000E+00   0.19776E+01   0.19776E+01   0.11589E-309
  0.29574E-02   0.00000E+00   0.19787E+01   0.19787E+01   0.11589E-309
  0.30075E-02   0.00000E+00   0.19797E+01   0.19797E+01   0.11589E-309
  0.30576E-02   0.00000E+00   0.19807E+01   0.19807E+01   0.11589E-309
  0.31078E-02   0.00000E+00   0.19815E+01   0.19815E+01   0.11589E-309
  0.31579E-02   0.00000E+00   0.19823E+01   0.19823E+01   0.11589E-309
  0.32080E-02   0.00000E+00   0.19830E+01   0.19830E+01   0.11589E-309
  0.32581E-02   0.00000E+00   0.19836E+01   0.19836E+01   0.11589E-309
  0.33083E-02   0.00000E+00   0.19842E+01   0.19842E+01   0.11589E-309
  0.33584E-02   0.00000E+00   0.19847E+01   0.19847E+01   0.11589E-309
  0.34085E-02   0.00000E+00   0.19852E+01   0.19852E+01   0.11589E-309
  0.34586E-02   0.00000E+00   0.19857E+01   0.19857E+01   0.11589E-309
  0.35088E-02   0.00000E+00   0.19861E+01   0.19861E+01   0.11589E-309
  0.35589E-02   0.00000E+00   0.19865E+01   0.19865E+01   0.11589E-309
  0.36090E-02   0.00000E+00   0.19869E+01   0.19869E+01   0.11589E-309
  0.36591E-02   0.00000E+00   0.19872E+01   0.19872E+01   0.11589E-309
  0.37093E-02   0.00000E+00   0.19875E+01   0.19875E+01   0.11589E-309
  0.37594E-02   0.00000E+00   0.19878E+01   0.19878E+01   0.11589E-309
  0.38095E-02   0.00000E+00   0.19881E+01   0.19881E+01   0.11589E-309
  0.38596E-02   0.00000E+00   0.19884E+01   0.19884E+01   0.11589E-309
  0.39098E-02   0.00000E+00   0.19886E+01   0.19886E+01   0.11589E-309
  0.39599E-02   0.00000E+00   0.19888E+01   0.19888E+01   0.11589E-309
  0.40100E-02   0.00000E+00   0.19890E+01   0.19890E+01   0.11589E-309
  0.40602E-02   0.00000E+00   0.19891E+01   0.19891E+01   0.11589E-309
  0.41103E-02   0.00000E+00   0.19893E+01   0.19893E+01   0.11589E-309
  0.41604E-02   0.00000E+00   0.19894E+01   0.19894E+01   0.11589E-309
  0.42105E-02   0.00000E+00   0.19894E+01   0.19894E+01   0.11589E-309
  0.42607E-02   0.00000E+00   0.19894E+01   0.19894E+01   0.11589E-309
  0.43108E-02   0.00000E+00   0.19891E+01   0.19891E+01   0.11589E-309
  0.43609E-02   0.00000E+00   0.19885E+01   0.19885E+01   0.11589E-309
  0.44110E-02   0.00000E+00   0.19856E+01   0.19856E+01   0.11589E-309
  0.44612E-02   0.00000E+00   0.19095E+01   0.19095E+01   0.11589E-309
  0.45113E-02   0.00000E+00   0.19871E+01   0.19871E+01   0.11589E-309
  0.45614E-02   0.00000E+00   0.19912E+01   0.19912E+01   0.11589E-309
  0.46115E-02   0.00000E+00   0.21951E+01   0.21951E+01   0.11589E-309
  0.46617E-02   0.00000E+00   0.24024E+01   0.24024E+01   0.11589E-309
  0.47118E-02   0.00000E+00   0.25228E+01   0.25228E+01   0.11589E-309
  0.47619E-02   0.00000E+00   0.26017E+01   0.26017E+01   0.11589E-309
  0.48120E-02   0.00000E+00   0.26575E+01   0.26575E+01   0.11589E-309
  0.48622E-02   0.00000E+00   0.26990E+01   0.26990E+01   0.11589E-309
  0.49123E-02   0.00000E+00   0.27312E+01   0.27312E+01   0.11589E-309
  0.49624E-02   0.00000E+00   0.27568E+01   0.27568E+01   0.11589E-309
  0.50125E-02   0.00000E+00   0.27777E+01   0.27777E+01   0.11589E-309
  0.50627E-02   0.00000E+00   0.27950E+01   0.27950E+01   0.11589E-309
  0.51128E-02   0.00000E+00   0.28097E+01   0.28097E+01   0.11589E-309
  0.51629E-02   0.00000E+00   0.28222E+01   0.28222E+01   0.11589E-309
  0.52130E-02   0.00000E+00   0.28331E+01   0.28331E+01   0.11589E-309
  0.52632E-02   0.00000E+00   0.28425E+01   0.28425E+01   0.11589E-309
  0.53133E-02   0.00000E+00   0.28509E+01   0.28509E+01   0.11589E-309
  0.53634E-02   0.00000E+00   0.28582E+01   0.28582E+01   0.11589E-309
  0.54135E-02   0.00000E+00   0.28648E+01   0.28648E+01   0.11589E-309
  0.54637E-02   0.00000E+00   0.28707E+01   0.28707E+01   0.11589E-309
  0.55138E-02   0.00000E+00   0.28761E+01   0.28761E+01   0.11589E-309
  0.55639E-02   0.00000E+00   0.28809E+01   0.28809E+01   0.11589E-309
  0.56140E-02   0.00000E+00   0.28853E+01   0.28853E+01   0.11589E-309
  0.56642E-02   0.00000E+00   0.28893E+01   0.28893E+01   0.11589E-309
  0.57143E-02   0.00000E+00   0.28929E+01   0.28929E+01   0.11589E-309
  0.57644E-02   0.00000E+00   0.28963E+01   0.28963E+01   0.11589E-309
  0.58145E-02   0.00000E+00   0.28994E+01   0.28994E+01   0.11589E-309
  0.58647E-02   0.00000E+00   0.29022E+01   0.29022E+01   0.11589E-309
  0.59148E-02   0.00000E+00   0.29048E+01   0.29048E+01   0.11589E-309
  0.59649E-02   0.00000E+00   0.29072E+01   0.29072E+01   0.11589E-309
  0.60150E-02   0.00000E+00   0.29094E+01   0.29094E+01   0.11589E-309
  0.60652E-02   0.00000E+00   0.29115E+01   0.29115E+01   0.11589E-309
  0.61153E-02   0.00000E+00   0.29134E+01   0.29134E+01   0.11589E-309
  0.61654E-02   0.00000E+00   0.29152E+01   0.29152E+01   0.11589E-309
  0.62155E-02   0.00000E+00   0.29168E+01   0.29168E+01   0.11589E-309
  0.62657E-02   0.00000E+00   0.29183E+01   0.29183E+01   0.11589E-309
  0.63158E-02   0.00000E+00   0.29196E+01   0.29196E+01   0.11589E-309
  0.63659E-02   0.00000E+00   0.29209E+01   0.29209E+01   0.11589E-309
  0.64160E-02   0.00000E+00   0.29220E+01   0.29220E+01   0.11589E-309
  0.64662E-02   0.00000E+00   0.29231E+01   0.29231E+01   0.11589E-309
  0.65163E-02   0.00000E+00   0.29240E+01   0.29240E+01   0.11589E-309
  0.65664E-02   0.00000E+00   0.29249E+01   0.29249E+01   0.11589E-309
  0.66165E-02   0.00000E+00   0.29256E+01   0.29256E+01   0.11589E-309
  0.66667E-02   0.00000E+00   0.29262E+01   0.29262E+01   0.11589E-309
  0.67168E-02   0.00000E+00   0.29267E+01   0.29267E+01   0.11589E-309
  0.67669E-02   0.00000E+00   0.29271E+01   0.29271E+01   0.11589E-309
  0.68170E-02   0.00000E+00   0.29274E+01   0.29274E+01   0.11589E-309
  0.68672E-02   0.00000E+00   0.29275E+01   0.29275E+01   0.11589E-309
  0.69173E-02   0.00000E+00   0.29275E+01   0.29275E+01   0.11589E-309
  0.69674E-02   0.00000E+00   0.29272E+01   0.29272E+01   0.11589E-309
  0.70175E-02   0.00000E+00   0.29268E+01   0.29268E+01   0.11589E-309
  0.70677E-02   0.00000E+00   0.29261E+01   0.29261E+01   0.11589E-309
  0.71178E-02   0.00000E+00   0.29251E+01   0.29251E+01   0.11589E-309
  0.71679E-02   0.00000E+00   0.29237E+01   0.29237E+01   0.11589E-309
  0.72180E-02   0.00000E+00   0.29217E+01   0.29217E+01   0.11589E-309
  0.72682E-02   0.00000E+00   0.29189E+01   0.29189E+01   0.11589E-309
  0.73183E-02   0.00000E+00   0.29150E+01   0.29150E+01   0.11589E-309
  0.73684E-02   0.00000E+00   0.29092E+01   0.29092E+01   0.11589E-309
  0.74185E-02   0.00000E+00   0.29003E+01   0.29003E+01   0.11589E-309
  0.74687E-02   0.00000E+00   0.28858E+01   0.28858E+01   0.11589E-309
  0.75188E-02   0.00000E+00   0.28596E+01   0.28596E+01   0.11589E-309
  0.75689E-02   0.00000E+00   0.28041E+01   0.28041E+01   0.11589E-309
  0.76190E-02   0.00000E+00   0.26549E+01   0.26549E+01   0.11589E-309
  0.76692E-02   0.00000E+00   0.21679E+01   0.21679E+01   0.11589E-309
  0.77193E-02   0.00000E+00   0.22458E+01   0.22458E+01   0.11589E-309
  0.77694E-02   0.00000E+00   0.27541E+01   0.27541E+01   0.11589E-309
  0.78195E-02   0.00000E+00   0.28792E+01   0.28792E+01   0.11589E-309
  0.78697E-02   0.00000E+00   0.29174E+01   0.29174E+01   0.11589E-309
  0.79198E-02   0.00000E+00   0.29325E+01   0.29325E+01   0.11589E-309
  0.79699E-02   0.00000E+00   0.29394E+01   0.29394E+01   0.11589E-309
  0.80201E-02   0.00000E+00   0.29428E+01   0.29428E+01   0.11589E-309
  0.80702E-02   0.00000E+00   0.29445E+01   0.29445E+01   0.11589E-309
  0.81203E-02   0.00000E+00   0.29453E+01   0.29453E+01   0.11589E-309
  0.81704E-02   0.00000E+00   0.30280E+01   0.30280E+01   0.11589E-309
  0.82206E-02   0.00000E+00   0.31069E+01   0.31069E+01   0.11589E-309
  0.82707E-02   0.00000E+00   0.31713E+01   0.31713E+01   0.11589E-309
  0.83208E-02   0.00000E+00   0.32248E+01   0.32248E+01   0.11589E-309
  0.83709E-02   0.00000E+00   0.32701E+01   0.32701E+01   0.11589E-309
  0.84211E-02   0.00000E+00   0.33089E+01   0.33089E+01   0.11589E-309
  0.84712E-02   0.00000E+00   0.33424E+01   0.33424E+01   0.11589E-309
  0.85213E-02   0.00000E+00   0.33715E+01   0.33715E+01   0.11589E-309
  0.85714E-02   0.00000E+00   0.33970E+01   0.33970E+01   0.11589E-309
  0.86216E-02   0.00000E+00   0.34195E+01   0.34195E+01   0.11589E-309
  0.86717E-02   0.00000E+00   0.34393E+01   0.34393E+01   0.11589E-309
  0.87218E-02   0.00000E+00   0.34569E+01   0.34569E+01   0.11589E-309
  0.87719E-02   0.00000E+00   0.34725E+01   0.34725E+01   0.11589E-309
  0.88221E-02   0.00000E+00   0.34863E+01   0.34863E+01   0.11589E-309
  0.88722E-02   0.00000E+00   0.34985E+01   0.34985E+01   0.11589E-309
  0.89223E-02   0.00000E+00   0.35093E+01   0.35093E+01   0.11589E-309
  0.89724E-02   0.00000E+00   0.35188E+01   0.35188E+01   0.11589E-309
  0.90226E-02   0.00000E+00   0.35271E+01   0.35271E+01   0.11589E-309
  0.90727E-02   0.00000E+00   0.35342E+01   0.35342E+01   0.11589E-309
  0.91228E-02   0.00000E+00   0.35402E+01   0.35402E+01   0.11589E-309
  0.91729E-02   0.00000E+00   0.35452E+01   0.35452E+01   0.11589E-309
  0.92231E-02   0.00000E+00   0.35491E+01   0.35491E+01   0.11589E-309
  0.92732E-02   0.00000E+00   0.35520E+01   0.35520E+01   0.11589E-309
  0.93233E-02   0.00000E+00   0.35539E+01   0.35539E+01   0.11589E-309
  0.93734E-02   0.00000E+00   0.35546E+01   0.35546E+01   0.11589E-309
  0.94236E-02   0.00000E+00   0.35542E+01   0.35542E+01   0.11589E-309
  0.94737E-02   0.00000E+00   0.35525E+01   0.35525E+01   0.11589E-309
  0.95238E-02   0.00000E+00   0.35494E+01   0.35494E+01   0.11589E-309
  0.95739E-02   0.00000E+00   0.35447E+01   0.35447E+01   0.11589E-309
  0.96241E-02   0.00000E+00   0.35380E+01   0.35380E+01   0.11589E-309
  0.96742E-02   0.00000E+00   0.35290E+01   0.35290E+01   0.11589E-309
  0.97243E-02   0.00000E+00   0.35170E+01   0.35170E+01   0.11589E-309
  0.97744E-02   0.00000E+00   0.35009E+01   0.35009E+01   0.11589E-309
  0.98246E-02   0.00000E+00   0.34789E+01   0.34789E+01   0.11589E-309
  0.98747E-02   0.00000E+00   0.34472E+01   0.34472E+01   0.11589E-309
  0.99248E-02   0.00000E+00   0.33963E+01   0.33963E+01   0.11589E-309
  0.99749E-02   0.00000E+00   0.32887E+01   0.32887E+01   0.11589E-309
  0.10025E-01   0.00000E+00   0.26076E+01   0.26076E+01   0.11589E-309
  0.10075E-01   0.00000E+00   0.36091E+01   0.36091E+01   0.11589E-309
  0.10125E-01   0.00000E+00   0.33775E+01   0.33775E+01   0.11589E-309
  0.10175E-01   0.00000E+00   0.31483E+01   0.31483E+01   0.11589E-309
  0.10226E-01   0.00000E+00   0.26792E+01   0.26792E+01   0.11589E-309
  0.10276E-01   0.00000E+00   0.28294E+01   0.28294E+01   0.11589E-309
  0.10326E-01   0.00000E+00   0.39977E+01   0.39977E+01   0.11589E-309
  0.10376E-01   0.00000E+00   0.37452E+01   0.37452E+01   0.11589E-309
  0.10426E-01   0.00000E+00   0.35504E+01   0.35504E+01   0.11589E-309
  0.10476E-01   0.00000E+00   0.33324E+01   0.33324E+01   0.11589E-309
  0.10526E-01   0.00000E+00   0.30124E+01   0.30124E+01   0.11589E-309
  0.10576E-01   0.00000E+00   0.26189E+01   0.26189E+01   0.11589E-309
  0.10627E-01   0.00000E+00   0.27276E+01   0.27276E+01   0.11589E-309
  0.10677E-01   0.00000E+00   0.30306E+01   0.30306E+01   0.11589E-309
  0.10727E-01   0.00000E+00   0.29957E+01   0.29957E+01   0.11589E-309
  0.10777E-01   0.00000E+00   0.39941E+01   0.39941E+01   0.11589E-309
  0.10827E-01   0.00000E+00   0.39160E+01   0.39160E+01   0.11589E-309
  0.10877E-01   0.00000E+00   0.37753E+01   0.37753E+01   0.11589E-309
  0.10927E-01   0.00000E+00   0.35778E+01   0.35778E+01   0.11589E-309
  0.10977E-01   0.00000E+00   0.32380E+01   0.32380E+01   0.11589E-309
  0.11028E-01   0.00000E+00   0.27824E+01   0.27824E+01   0.11589E-309
  0.11078E-01   0.00000E+00   0.27815E+01   0.27815E+01   0.11589E-309
  0.11128E-01   0.00000E+00   0.31007E+01   0.31007E+01   0.11589E-309
  0.11178E-01   0.00000E+00   0.32572E+01   0.32572E+01   0.11589E-309
  0.11228E-01   0.00000E+00   0.32352E+01   0.32352E+01   0.11589E-309
  0.11278E-01   0.00000E+00   0.30464E+01   0.30464E+01   0.11589E-309
  0.11328E-01   0.00000E+00   0.31089E+01   0.31089E+01   0.11589E-309
  0.11378E-01   0.00000E+00   0.38647E+01   0.38647E+01   0.11589E-309
  0.11429E-01   0.00000E+00   0.39996E+01   0.39996E+01   0.11589E-309
  0.11479E-01   0.00000E+00   0.39573E+01   0.39573E+01   0.11589E-309
  0.11529E-01   0.00000E+00   0.38480E+01   0.38480E+01   0.11589E-309
  0.11579E-01   0.00000E+00   0.34849E+01   0.34849E+01   0.11589E-309
  0.11629E-01   0.00000E+00   0.28522E+01   0.28522E+01   0.11589E-309
  0.11679E-01   0.00000E+00   0.33474E+01   0.33474E+01   0.11589E-309
  0.11729E-01   0.00000E+00   0.35486E+01   0.35486E+01   0.11589E-309
  0.11779E-01   0.00000E+00   0.35915E+01   0.35915E+01   0.11589E-309
  0.11830E-01   0.00000E+00   0.35750E+01   0.35750E+01   0.11589E-309
  0.11880E-01   0.00000E+00   0.35192E+01   0.35192E+01   0.11589E-309
  0.11930E-01   0.00000E+00   0.34188E+01   0.34188E+01   0.11589E-309
  0.11980E-01   0.00000E+00   0.32546E+01   0.32546E+01   0.11589E-309
  0.12030E-01   0.00000E+00   0.30380E+01   0.30380E+01   0.11589E-309
  0.12080E-01   0.00000E+00   0.30698E+01   0.30698E+01   0.11589E-309
  0.12130E-01   0.00000E+00   0.35932E+01   0.35932E+01   0.11589E-309
  0.12180E-01   0.00000E+00   0.39107E+01   0.39107E+01   0.11589E-309
  0.12231E-01   0.00000E+00   0.39929E+01   0.39929E+01   0.11589E-309
  0.12281E-01   0.00000E+00   0.39946E+01   0.39946E+01   0.11589E-309
  0.12331E-01   0.00000E+00   0.29917E+01   0.29917E+01   0.11589E-309
  0.12381E-01   0.00000E+00   0.39088E+01   0.39088E+01   0.11589E-309
  0.12431E-01   0.00000E+00   0.39042E+01   0.39042E+01   0.11589E-309
  0.12481E-01   0.00000E+00   0.38800E+01   0.38800E+01   0.11589E-309
  0.12531E-01   0.00000E+00   0.38496E+01   0.38496E+01   0.11589E-309
  0.12581E-01   0.00000E+00   0.38135E+01   0.38135E+01   0.11589E-309
  0.12632E-01   0.00000E+00   0.37699E+01   0.37699E+01   0.11589E-309
  0.12682E-01   0.00000E+00   0.37286E+01   0.37286E+01   0.11589E-309
  0.12732E-01   0.00000E+00   0.36809E+01   0.36809E+01   0.11589E-309
  0.12782E-01   0.00000E+00   0.35984E+01   0.35984E+01   0.11589E-309
  0.12832E-01   0.00000E+00   0.34693E+01   0.34693E+01   0.11589E-309
  0.12882E-01   0.00000E+00   0.32851E+01   0.32851E+01   0.11589E-309
  0.12932E-01   0.00000E+00   0.30899E+01   0.30899E+01   0.11589E-309
  0.12982E-01   0.00000E+00   0.30859E+01   0.30859E+01   0.11589E-309
  0.13033E-01   0.00000E+00   0.33923E+01   0.33923E+01   0.11589E-309
  0.13083E-01   0.00000E+00   0.37123E+01   0.37123E+01   0.11589E-309
  0.13133E-01   0.00000E+00   0.39735E+01   0.39735E+01   0.11589E-309
  0.13183E-01   0.00000E+00   0.44997E+01   0.44997E+01   0.11589E-309
  0.13233E-01   0.00000E+00   0.49806E+01   0.49806E+01   0.11589E-309
  0.13283E-01   0.00000E+00   0.49187E+01   0.49187E+01   0.11589E-309
  0.13333E-01   0.00000E+00   0.47701E+01   0.47701E+01   0.11589E-309
  0.13383E-01   0.00000E+00   0.46550E+01   0.46550E+01   0.11589E-309
  0.13434E-01   0.00000E+00   0.45675E+01   0.45675E+01   0.11589E-309
  0.13484E-01   0.00000E+00   0.44953E+01   0.44953E+01   0.11589E-309
  0.13534E-01   0.00000E+00   0.44301E+01   0.44301E+01   0.11589E-309
  0.13584E-01   0.00000E+00   0.43659E+01   0.43659E+01   0.11589E-309
  0.13634E-01   0.00000E+00   0.42977E+01   0.42977E+01   0.11589E-309
  0.13684E-01   0.00000E+00   0.42202E+01   0.42202E+01   0.11589E-309
  0.13734E-01   0.00000E+00   0.41270E+01   0.41270E+01   0.11589E-309
  0.13784E-01   0.00000E+00   0.40092E+01   0.40092E+01   0.11589E-309
  0.13835E-01   0.00000E+00   0.38556E+01   0.38556E+01   0.11589E-309
  0.13885E-01   0.00000E+00   0.36562E+01   0.36562E+01   0.11589E-309
  0.13935E-01   0.00000E+00   0.34229E+01   0.34229E+01   0.11589E-309
  0.13985E-01   0.00000E+00   0.32391E+01   0.32391E+01   0.11589E-309
  0.14035E-01   0.00000E+00   0.32479E+01   0.32479E+01   0.11589E-309
  0.14085E-01   0.00000E+00   0.34351E+01   0.34351E+01   0.11589E-309
  0.14135E-01   0.00000E+00   0.36278E+01   0.36278E+01   0.11589E-309
  0.14185E-01   0.00000E+00   0.37645E+01   0.37645E+01   0.11589E-309
  0.14236E-01   0.00000E+00   0.39329E+01   0.39329E+01   0.11589E-309
  0.14286E-01   0.00000E+00   0.42685E+01   0.42685E+01   0.11589E-309
  0.14336E-01   0.00000E+00   0.46857E+01   0.46857E+01   0.11589E-309
  0.14386E-01   0.00000E+00   0.49317E+01   0.49317E+01   0.11589E-309
  0.14436E-01   0.00000E+00   0.49963E+01   0.49963E+01   0.11589E-309
  0.14486E-01   0.00000E+00   0.49776E+01   0.49776E+01   0.11589E-309
  0.14536E-01   0.00000E+00   0.49310E+01   0.49310E+01   0.11589E-309
  0.14586E-01   0.00000E+00   0.48767E+01   0.48767E+01   0.11589E-309
  0.14637E-01   0.00000E+00   0.48202E+01   0.48202E+01   0.11589E-309
  0.14687E-01   0.00000E+00   0.47619E+01   0.47619E+01   0.11589E-309
  0.14737E-01   0.00000E+00   0.46998E+01   0.46998E+01   0.11589E-309
  0.14787E-01   0.00000E+00   0.46307E+01   0.46307E+01   0.11589E-309
  0.14837E-01   0.00000E+00   0.45496E+01   0.45496E+01   0.11589E-309
  0.14887E-01   0.00000E+00   0.44492E+01   0.44492E+01   0.11589E-309
  0.14937E-01   0.00000E+00   0.43186E+01   0.43186E+01   0.11589E-309
  0.14987E-01   0.00000E+00   0.41437E+01   0.41437E+01   0.11589E-309
  0.15038E-01   0.00000E+00   0.39141E+01   0.39141E+01   0.11589E-309
  0.15088E-01   0.00000E+00   0.36536E+01   0.36536E+01   0.11589E-309
  0.15138E-01   0.00000E+00   0.34677E+01   0.34677E+01   0.11589E-309
  0.15188E-01   0.00000E+00   0.34732E+01   0.34732E+01   0.11589E-309
  0.15238E-01   0.00000E+00   0.36150E+01   0.36150E+01   0.11589E-309
  0.15288E-01   0.00000E+00   0.37534E+01   0.37534E+01   0.11589E-309
  0.15338E-01   0.00000E+00   0.38286E+01   0.38286E+01   0.11589E-309
  0.15388E-01   0.00000E+00   0.38484E+01   0.38484E+01   0.11589E-309
  0.15439E-01   0.00000E+00   0.38518E+01   0.38518E+01   0.11589E-309
  0.15489E-01   0.00000E+00   0.39062E+01   0.39062E+01   0.11589E-309
  0.15539E-01   0.00000E+00   0.40858E+01   0.40858E+01   0.11589E-309
  0.15589E-01   0.00000E+00   0.43783E+01   0.43783E+01   0.11589E-309
  0.15639E-01   0.00000E+00   0.46625E+01   0.46625E+01   0.11589E-309
  0.15689E-01   0.00000E+00   0.48520E+01   0.48520E+01   0.11589E-309
  0.15739E-01   0.00000E+00   0.49503E+01   0.49503E+01   0.11589E-309
  0.15789E-01   0.00000E+00   0.49902E+01   0.49902E+01   0.11589E-309
  0.15840E-01   0.00000E+00   0.49974E+01   0.49974E+01   0.11589E-309
  0.15890E-01   0.00000E+00   0.49866E+01   0.49866E+01   0.11589E-309
  0.15940E-01   0.00000E+00   0.49647E+01   0.49647E+01   0.11589E-309
  0.15990E-01   0.00000E+00   0.49343E+01   0.49343E+01   0.11589E-309
  0.16040E-01   0.00000E+00   0.48946E+01   0.48946E+01   0.11589E-309
  0.16090E-01   0.00000E+00   0.48416E+01   0.48416E+01   0.11589E-309
  0.16140E-01   0.00000E+00   0.47658E+01   0.47658E+01   0.11589E-309
  0.16190E-01   0.00000E+00   0.46474E+01   0.46474E+01   0.11589E-309
  0.16241E-01   0.00000E+00   0.44486E+01   0.44486E+01   0.11589E-309
  0.16291E-01   0.00000E+00   0.41277E+01   0.41277E+01   0.11589E-309
  0.16341E-01   0.00000E+00   0.37921E+01   0.37921E+01   0.11589E-309
  0.16391E-01   0.00000E+00   0.37728E+01   0.37728E+01   0.11589E-309
  0.16441E-01   0.00000E+00   0.39860E+01   0.39860E+01   0.11589E-309
  0.16491E-01   0.00000E+00   0.41613E+01   0.41613E+01   0.11589E-309
  0.16541E-01   0.00000E+00   0.42499E+01   0.42499E+01   0.11589E-309
  0.16591E-01   0.00000E+00   0.42754E+01   0.42754E+01   0.11589E-309
  0.16642E-01   0.00000E+00   0.42575E+01   0.42575E+01   0.11589E-309
  0.16692E-01   0.00000E+00   0.42076E+01   0.42076E+01   0.11589E-309
  0.16742E-01   0.00000E+00   0.41334E+01   0.41334E+01   0.11589E-309
  0.16792E-01   0.00000E+00   0.40462E+01   0.40462E+01   0.11589E-309
  0.16842E-01   0.00000E+00   0.39696E+01   0.39696E+01   0.11589E-309
  0.16892E-01   0.00000E+00   0.39463E+01   0.39463E+01   0.11589E-309
  0.16942E-01   0.00000E+00   0.40232E+01   0.40232E+01   0.11589E-309
  0.16992E-01   0.00000E+00   0.42041E+01   0.42041E+01   0.11589E-309
  0.17043E-01   0.00000E+00   0.44296E+01   0.44296E+01   0.11589E-309
  0.17093E-01   0.00000E+00   0.46312E+01   0.46312E+01   0.11589E-309
  0.17143E-01   0.00000E+00   0.47794E+01   0.47794E+01   0.11589E-309
  0.17193E-01   0.00000E+00   0.48769E+01   0.48769E+01   0.11589E-309
  0.17243E-01   0.00000E+00   0.49370E+01   0.49370E+01   0.11589E-309
  0.17293E-01   0.00000E+00   0.49720E+01   0.49720E+01   0.11589E-309
  0.17343E-01   0.00000E+00   0.49906E+01   0.49906E+01   0.11589E-309
  0.17393E-01   0.00000E+00   0.49981E+01   0.49981E+01   0.11589E-309
  0.17444E-01   0.00000E+00   0.49963E+01   0.49963E+01   0.11589E-309
  0.17494E-01   0.00000E+00   0.49795E+01   0.49795E+01   0.11589E-309
  0.17544E-01   0.00000E+00   0.48812E+01   0.48812E+01   0.11589E-309
  0.17594E-01   0.00000E+00   0.39717E+01   0.39717E+01   0.11589E-309
  0.17644E-01   0.00000E+00   0.46993E+01   0.46993E+01   0.11589E-309
  0.17694E-01   0.00000E+00   0.48343E+01   0.48343E+01   0.11589E-309
  0.17744E-01   0.00000E+00   0.48560E+01   0.48560E+01   0.11589E-309
  0.17794E-01   0.00000E+00   0.48514E+01   0.48514E+01   0.11589E-309
  0.17845E-01   0.00000E+00   0.48354E+01   0.48354E+01   0.11589E-309
  0.17895E-01   0.00000E+00   0.48119E+01   0.48119E+01   0.11589E-309
  0.17945E-01   0.00000E+00   0.47815E+01   0.47815E+01   0.11589E-309
  0.17995E-01   0.00000E+00   0.47438E+01   0.47438E+01   0.11589E-309
  0.18045E-01   0.00000E+00   0.46976E+01   0.46976E+01   0.11589E-309
  0.18095E-01   0.00000E+00   0.46413E+01   0.46413E+01   0.11589E-309
  0.18145E-01   0.00000E+00   0.45726E+01   0.45726E+01   0.11589E-309
  0.18195E-01   0.00000E+00   0.45020E+01   0.45020E+01   0.11589E-309
  0.18246E-01   0.00000E+00   0.44151E+01   0.44151E+01   0.11589E-309
  0.18296E-01   0.00000E+00   0.43079E+01   0.43079E+01   0.11589E-309
  0.18346E-01   0.00000E+00   0.41912E+01   0.41912E+01   0.11589E-309
  0.18396E-01   0.00000E+00   0.40896E+01   0.40896E+01   0.11589E-309
  0.18446E-01   0.00000E+00   0.40415E+01   0.40415E+01   0.11589E-309
  0.18496E-01   0.00000E+00   0.40796E+01   0.40796E+01   0.11589E-309
  0.18546E-01   0.00000E+00   0.41998E+01   0.41998E+01   0.11589E-309
  0.18596E-01   0.00000E+00   0.43603E+01   0.43603E+01   0.11589E-309
  0.18647E-01   0.00000E+00   0.45175E+01   0.45175E+01   0.11589E-309
  0.18697E-01   0.00000E+00   0.46518E+01   0.46518E+01   0.11589E-309
  0.18747E-01   0.00000E+00   0.47702E+01   0.47702E+01   0.11589E-309
  0.18797E-01   0.00000E+00   0.49004E+01   0.49004E+01   0.11589E-309
  0.18847E-01   0.00000E+00   0.50858E+01   0.50858E+01   0.11589E-309
  0.18897E-01   0.00000E+00   0.53566E+01   0.53566E+01   0.11589E-309
  0.18947E-01   0.00000E+00   0.56630E+01   0.56630E+01   0.11589E-309
  0.18997E-01   0.00000E+00   0.58855E+01   0.58855E+01   0.11589E-309
  0.19048E-01   0.00000E+00   0.59751E+01   0.59751E+01   0.11589E-309
  0.19098E-01   0.00000E+00   0.59740E+01   0.59740E+01   0.11589E-309
  0.19148E-01   0.00000E+00   0.59330E+01   0.59330E+01   0.11589E-309
  0.19198E-01   0.00000E+00   0.58800E+01   0.58800E+01   0.11589E-309
  0.19248E-01   0.00000E+00   0.58263E+01   0.58263E+01   0.11589E-309
  0.19298E-01   0.00000E+00   0.57750E+01   0.57750E+01   0.11589E-309
  0.19348E-01   0.00000E+00   0.57266E+01   0.57266E+01   0.11589E-309
  0.19398E-01   0.00000E+00   0.56803E+01   0.56803E+01   0.11589E-309
  0.19449E-01   0.00000E+00   0.56347E+01   0.56347E+01   0.11589E-309
  0.19499E-01   0.00000E+00   0.55885E+01   0.55885E+01   0.11589E-309
  0.19549E-01   0.00000E+00   0.55401E+01   0.55401E+01   0.11589E-309
  0.19599E-01   0.00000E+00   0.54880E+01   0.54880E+01   0.11589E-309
  0.19649E-01   0.00000E+00   0.54299E+01   0.54299E+01   0.11589E-309
  0.19699E-01   0.00000E+00   0.53634E+01   0.53634E+01   0.11589E-309
  0.19749E-01   0.00000E+00   0.52852E+01   0.52852E+01   0.11589E-309
  0.19799E-01   0.00000E+00   0.51915E+01   0.51915E+01   0.11589E-309
  0.19850E-01   0.00000E+00   0.50778E+01   0.50778E+01   0.11589E-309
  0.19900E-01   0.00000E+00   0.49402E+01   0.49402E+01   0.11589E-309
  0.19950E-01   0.00000E+00   0.47782E+01   0.47782E+01   0.11589E-309
  0.20000E-01   0.00000E+00   0.46011E+01   0.46011E+01   0.11589E-309
